1.53817985 1.4075755
1.60133626 1.29889124
1.66782892 1.20448586
1.76673383 1.21924423
1.84128181 1.39239643
1.85030942 1.64340554
1.85365388 1.89115901
1.84495231 2.1295265
1.83850972 2.35947571
1.82652251 2.56938235
1.81672557 2.77122787
1.80470278 2.9538682
1.7945968 3.12951202
1.78426079 3.2884795
1.77553327 3.44144517
1.76768097 3.58033682
1.76112714 3.71406008
1.75596189 3.83605996
1.75180171 3.95356784
1.74915609 4.06132676
1.74725643 4.16514322
1.74959588 4.2651158
1.75377717 4.36502829
1.76168268 4.46471527
1.77033047 4.5643406
1.78077043 4.66379409
1.79170959 4.76402315
1.80289031 4.86339609
1.81462945 4.96400123
1.82621344 5.06332797
1.83822396 5.16379076
1.85008886 5.26308433
1.86232548 5.36344968
1.87447017 5.46270942
1.88695512 5.5629826
1.89941245 5.66220359
1.9122005 5.76239094
1.92412277 5.86167767
1.98787212 5.93891619
2.11239977 5.99177774
2.25841624 6.02805954
2.40178194 6.06348049
2.53639947 6.09478138
2.66613841 6.12559522
2.78525879 6.15496193
2.89980136 6.18384387
3.00506279 6.21192796
3.10625105 6.23944107
3.20189465 6.2686351
3.29708462 6.29927593
3.39121947 6.33301937
3.48495906 6.36784578
3.5778079 6.40498179
3.67060388 6.44224969
3.76311366 6.48022246
3.85577162 6.51830421
3.94812611 6.55665311
4.04142252 6.59570291
4.13364334 6.63437214
4.22670292 6.673596
4.31882573 6.71249816
4.41175624 6.75192165
4.50377487 6.7910696
4.59656635 6.8307197
4.68846277 6.87015368
4.78110131 6.91009457
